I=	0.0012454;
Ke=	0.23773;
Kt=	0.72069;
L=	0.24427;
R=	0.97384;
b=	0.21372;